0 0.809509 0.877005 0.141401 0.070213
1 0.285121 0.864722 0.415652 0.252574
0 0.303374 0.944718 0.159952 0.059657
0 0.433068 0.848185 0.093671 0.090315
0 0.337238 0.777338 0.144106 0.054694
0 0.532979 0.725491 0.076747 0.069648
0 0.675974 0.729227 0.118712 0.088954
0 0.411159 0.691056 0.121868 0.049259
0 0.460354 0.653884 0.114622 0.054917
0 0.478253 0.590204 0.149420 0.052741
0 0.682134 0.506046 0.074702 0.061278
0 0.843808 0.398472 0.096602 0.067537
0 0.790990 0.353921 0.063237 0.048750
0 0.438229 0.347685 0.059066 0.067926
