1 0.464775 0.738046 0.254309 0.158241
1 0.529084 0.525926 0.394630 0.218852
0 0.451069 0.253218 0.064614 0.058861
0 0.541527 0.286005 0.059904 0.045954
0 0.659582 0.263032 0.061093 0.050065
0 0.835796 0.293815 0.065772 0.048037
0 0.774076 0.251708 0.067862 0.048713
0 0.824429 0.245269 0.064325 0.051315
0 0.703850 0.209472 0.045579 0.052870
0 0.750281 0.196500 0.054421 0.040407
0 0.839582 0.195051 0.047685 0.055194
0 0.808320 0.190838 0.038248 0.056824
0 0.752854 0.234042 0.058537 0.039157
0 0.776222 0.209167 0.052412 0.048130
