0 0.745247 0.199380 0.072401 0.035889
1 0.462015 0.528620 0.412681 0.227278
1 0.380378 0.747472 0.266151 0.161611
0 0.794038 0.309495 0.059260 0.046509
0 0.784021 0.258046 0.062582 0.052630
0 0.620452 0.280597 0.064260 0.043231
0 0.556604 0.242306 0.055082 0.042759
0 0.607097 0.222319 0.072615 0.040361
0 0.683035 0.254972 0.064260 0.039981
0 0.748972 0.237065 0.084293 0.038204
0 0.803150 0.209162 0.056069 0.042417
0 0.755600 0.215009 0.086464 0.035074
0 0.791373 0.187824 0.025773 0.023796
0 0.394531 0.252231 0.057484 0.050574
