0 0.427637 0.571083 0.113790 0.063037
0 0.854879 0.348407 0.073081 0.071926
0 0.706718 0.304528 0.098565 0.038370
0 0.753944 0.367718 0.078887 0.032639
0 0.173653 0.675204 0.108048 0.085907
0 0.687153 0.429278 0.100694 0.062204
1 0.276903 0.822111 0.392387 0.245704
0 0.470516 0.463606 0.105935 0.061306
0 0.781137 0.622065 0.123758 0.056889
0 0.785605 0.839472 0.142597 0.067981
0 0.406460 0.797856 0.082435 0.084583
0 0.182556 0.762106 0.111177 0.073565
0 0.803540 0.324926 0.057435 0.072259
0 0.287379 0.732269 0.143952 0.052500
