0 0.659765 0.642769 0.059498 0.046315
0 0.581848 0.607894 0.053160 0.055787
0 0.627723 0.347037 0.062253 0.029444
0 0.688655 0.424144 0.050243 0.039120
0 0.660616 0.453889 0.042464 0.039444
0 0.629741 0.479958 0.063371 0.035843
0 0.637739 0.540134 0.050713 0.045028
0 0.708112 0.582856 0.052366 0.048120
0 0.588833 0.732949 0.074263 0.038824
0 0.704449 0.714954 0.071459 0.049352
0 0.443169 0.516481 0.053047 0.044074
0 0.504781 0.530741 0.064992 0.045370
1 0.394246 0.577500 0.349271 0.194444
1 0.235527 0.804912 0.237861 0.147213
0 0.326977 0.339579 0.069838 0.027676
