1 0.565308 0.549814 0.398084 0.220836
1 0.490763 0.763946 0.255649 0.159294
0 0.884894 0.320418 0.059302 0.042990
0 0.628872 0.294378 0.056802 0.037744
0 0.704042 0.288166 0.055130 0.050167
0 0.582094 0.259740 0.070162 0.040130
0 0.499821 0.284828 0.057630 0.047298
0 0.766696 0.281959 0.060146 0.045385
0 0.825998 0.276462 0.060146 0.047781
0 0.870698 0.269058 0.049286 0.046342
0 0.766274 0.244930 0.059302 0.048728
0 0.816818 0.237052 0.046786 0.044429
0 0.857744 0.227015 0.046786 0.051114
0 0.888653 0.233468 0.041753 0.036314
