0 0.440872 0.819292 0.091152 0.083917
1 0.318776 0.850116 0.388944 0.243991
0 0.164360 0.755231 0.100944 0.099167
0 0.211768 0.794639 0.099440 0.072722
0 0.315680 0.756681 0.145696 0.052750
0 0.817248 0.852009 0.144256 0.071222
0 0.796536 0.634579 0.125072 0.069713
0 0.450888 0.582671 0.089776 0.059176
0 0.676448 0.447620 0.079552 0.058500
0 0.756416 0.384319 0.063808 0.052750
0 0.846696 0.368014 0.075472 0.061380
0 0.784920 0.340255 0.075408 0.038843
0 0.738096 0.323949 0.087840 0.036917
0 0.376856 0.385264 0.071984 0.063602
