0 0.432788 0.853435 0.091637 0.084940
0 0.333323 0.783695 0.143436 0.051792
0 0.535454 0.728598 0.104457 0.085162
0 0.403882 0.701555 0.124554 0.062145
0 0.466434 0.588561 0.092998 0.073259
0 0.558849 0.594986 0.094165 0.066927
0 0.686434 0.505636 0.100583 0.061281
0 0.786451 0.471453 0.075332 0.071523
0 0.843906 0.391523 0.062204 0.062934
0 0.775365 0.357126 0.068363 0.047549
0 0.422139 0.352377 0.052480 0.064290
0 0.806418 0.878640 0.163922 0.070427
0 0.277277 0.940441 0.161524 0.068366
1 0.294481 0.867326 0.395900 0.256007
