0 0.221013 0.484639 0.091848 0.051093
0 0.228865 0.531245 0.129335 0.042120
0 0.551580 0.546093 0.090648 0.048333
0 0.364838 0.544713 0.082188 0.048333
0 0.290024 0.505014 0.057099 0.056639
0 0.346540 0.476917 0.109060 0.041241
0 0.433112 0.456769 0.091637 0.038722
0 0.347836 0.407176 0.081021 0.022315
0 0.744028 0.454463 0.079271 0.059278
0 0.630656 0.412171 0.071686 0.051287
0 0.687780 0.406843 0.044895 0.057944
0 0.741702 0.402347 0.066451 0.044954
0 0.091864 0.135148 0.069692 0.027093
1 0.524506 0.803657 0.352091 0.218259
