0 0.635080 0.607273 0.077264 0.039917
0 0.673120 0.543847 0.068960 0.040583
0 0.740880 0.582718 0.073696 0.044028
1 0.292104 0.676972 0.231824 0.136222
1 0.428288 0.450245 0.349216 0.197139
0 0.325664 0.195875 0.053888 0.024231
0 0.362592 0.192870 0.077760 0.034463
0 0.422000 0.187282 0.068256 0.032102
0 0.451168 0.243380 0.053184 0.047019
0 0.503568 0.239306 0.048928 0.039278
0 0.559200 0.226787 0.055456 0.034926
0 0.580896 0.187102 0.072448 0.033944
0 0.663544 0.186963 0.057168 0.038741
0 0.716216 0.187644 0.045808 0.047361
