0 0.834522 0.294815 0.062269 0.043278
0 0.658825 0.259394 0.069903 0.050898
0 0.822618 0.242361 0.063063 0.044241
0 0.773955 0.229245 0.056207 0.055602
0 0.713647 0.239028 0.074003 0.032870
0 0.709538 0.195380 0.054830 0.059907
0 0.759903 0.198708 0.052771 0.042287
0 0.801370 0.194792 0.042480 0.051676
0 0.836321 0.191657 0.058930 0.057167
0 0.486151 0.259630 0.080535 0.044370
0 0.434749 0.264523 0.063404 0.050250
0 0.429441 0.233005 0.063744 0.033676
1 0.507010 0.518917 0.394959 0.222130
1 0.424408 0.735676 0.258639 0.153444
