0 0.636471 0.318301 0.066511 0.029509
0 0.341696 0.311944 0.072588 0.029611
1 0.406109 0.548741 0.343087 0.191278
1 0.254180 0.771296 0.235048 0.143704
0 0.603288 0.700815 0.074421 0.042815
0 0.703521 0.682856 0.070579 0.048269
0 0.692492 0.631505 0.085080 0.034843
0 0.510201 0.504764 0.060466 0.030102
0 0.456383 0.487380 0.052508 0.043574
0 0.577910 0.490185 0.061608 0.032778
0 0.648079 0.510532 0.047347 0.040361
0 0.711937 0.425417 0.038987 0.046019
0 0.671045 0.424639 0.043762 0.046093
0 0.623151 0.408398 0.042444 0.039315
0 0.629268 0.341116 0.051141 0.034806
