0 0.643328 0.370806 0.047008 0.040148
0 0.616160 0.684037 0.072928 0.038611
0 0.709728 0.663056 0.078432 0.039407
0 0.704912 0.621454 0.059168 0.043000
0 0.545520 0.457593 0.067360 0.041852
0 0.584288 0.350236 0.048160 0.038824
0 0.479032 0.333218 0.056688 0.034398
0 0.339272 0.291458 0.068016 0.029917
0 0.532768 0.313569 0.042592 0.040787
0 0.602848 0.325366 0.061152 0.034287
0 0.622480 0.308968 0.046816 0.034009
0 0.596440 0.282014 0.052080 0.034843
0 0.637528 0.293625 0.060688 0.027102
1 0.419552 0.528708 0.332800 0.186639
1 0.269600 0.754583 0.230080 0.143852
