0 0.655580 0.421694 0.067456 0.036870
0 0.183647 0.532528 0.083752 0.071259
0 0.257874 0.539375 0.071498 0.060694
0 0.298736 0.559148 0.093285 0.058722
0 0.516779 0.541444 0.083221 0.053019
0 0.576224 0.530708 0.096473 0.043769
0 0.253720 0.490264 0.063833 0.052565
0 0.337536 0.489111 0.078486 0.034741
0 0.413060 0.479037 0.093269 0.032389
0 0.441111 0.459306 0.097166 0.032796
0 0.721192 0.457204 0.055749 0.054500
0 0.656747 0.455370 0.074461 0.044352
0 0.705660 0.429833 0.054767 0.045889
1 0.509275 0.820231 0.354847 0.221944
