1 0.398884 0.542194 0.353788 0.195056
0 0.328604 0.305130 0.076982 0.030444
0 0.523194 0.322310 0.050241 0.048139
0 0.587713 0.297625 0.052504 0.043639
0 0.630096 0.307417 0.053515 0.025833
0 0.548467 0.460458 0.054366 0.045731
0 0.644735 0.483324 0.049085 0.046167
0 0.511132 0.502051 0.068620 0.038361
0 0.442400 0.486162 0.046051 0.047491
0 0.688596 0.632606 0.075201 0.050694
0 0.601621 0.696894 0.086067 0.041287
0 0.703997 0.680167 0.082440 0.042333
0 0.666027 0.351954 0.041525 0.044611
0 0.614904 0.330505 0.048748 0.027694
1 0.253700 0.768278 0.237416 0.148963
