2 0.512283 0.684866 0.406141 0.237306
0 0.486254 0.647315 0.081511 0.051481
0 0.437154 0.637417 0.104791 0.053870
0 0.409164 0.604245 0.096013 0.043731
0 0.499381 0.600463 0.089212 0.039852
0 0.568223 0.622514 0.072814 0.059676
0 0.641841 0.648542 0.085932 0.060269
0 0.546559 0.670792 0.118103 0.042324
0 0.442146 0.689593 0.113778 0.040111
0 0.377339 0.712963 0.070563 0.074093
0 0.467588 0.724986 0.111865 0.045065
0 0.577757 0.709644 0.100820 0.042028
0 0.501407 0.744468 0.116961 0.041472
0 0.486905 0.794042 0.128441 0.063639
