0 0.498575 0.617718 0.101820 0.042843
0 0.453704 0.668218 0.065443 0.068380
0 0.397496 0.666014 0.079694 0.071491
0 0.389364 0.586398 0.084074 0.048315
0 0.459823 0.554824 0.096135 0.055722
0 0.500314 0.537616 0.103043 0.036991
0 0.571860 0.526306 0.084138 0.039630
1 0.526127 0.616977 0.414638 0.233898
0 0.526232 0.701750 0.118873 0.042611
0 0.588575 0.654819 0.101787 0.055398
0 0.658994 0.627125 0.062689 0.053306
0 0.604469 0.607014 0.120886 0.044398
0 0.543873 0.566375 0.088615 0.055306
0 0.428132 0.608343 0.120870 0.055389
