0 0.392069 0.679250 0.094895 0.056444
0 0.582955 0.668889 0.099243 0.059630
0 0.549678 0.704333 0.074171 0.056444
0 0.471691 0.654477 0.105797 0.045787
0 0.445491 0.675796 0.088406 0.057074
1 0.536715 0.687870 0.427053 0.241667
0 0.414976 0.619042 0.075266 0.060213
0 0.503325 0.608065 0.116699 0.042019
0 0.599839 0.622477 0.087279 0.055787
0 0.678961 0.661995 0.086103 0.060824
0 0.469936 0.731639 0.099098 0.071611
0 0.404074 0.733810 0.103607 0.057694
0 0.552407 0.775514 0.127617 0.039509
0 0.510620 0.748426 0.126876 0.042222
